deg;nodes;eucl_dist
4;4;7,642928037273772
4;5;10,158273649355937
4;6;7,023588175659069
4;7;7,642928037273622
4;8;6,942464907321028
4;9;6,698278893915674
4;10;6,472311534063795
4;11;6,577991435705178
4;12;6,3310319775552495
4;13;6,354090360219065
4;14;6,312218613659974
4;15;6,322197973704272
4;16;6,314833783955788
4;17;6,309161811117098
4;18;6,310227024172728
4;19;6,3033609084908395
4;20;6,297822653688527
4;21;6,291396248529782
4;22;6,286715463672295
4;23;6,282640074238233
4;24;6,278615394238261
4;25;6,2753771795861955
4;26;6,272419736302474
4;27;6,2697780077839065
4;28;6,267337159969482
4;29;6,265102065538831
5;4;7,497569693974508
5;5;11,081409271314309
5;6;7,54256685530182
5;7;7,642928037275085
5;8;7,361152978977906
5;9;6,731625643187565
5;10;6,462796956354539
5;11;6,557782277464637
5;12;6,35499950026554
5;13;6,352623326681721
5;14;6,326598299051023
5;15;6,302851404997201
5;16;6,296400300316121
5;17;6,292057155162239
5;18;6,2929571041676455
5;19;6,287334278828822
5;20;6,282014294140992
5;21;6,277331412827125
5;22;6,272984307135141
5;23;6,269220438095931
5;24;6,265529918765609
5;25;6,2625375706447395
5;26;6,259827192051977
5;27;6,257350640203774
5;28;6,2550969087331945
5;29;6,253026127832959
6;4;7,701950843840927
6;5;11,89539535179005
6;6;13,093841807253018
6;7;7,642928037267738
6;8;7,411690564432639
6;9;6,587693340780998
6;10;6,337607908756931
6;11;6,450501466774987
6;12;6,47578061401994
6;13;6,338116718229632
6;14;6,299351220765877
6;15;6,260193505594336
6;16;6,256990169590525
6;17;6,256634795939603
6;18;6,252185520534664
6;19;6,252577683386299
6;20;6,250825373948269
6;21;6,249286980456214
6;22;6,247073264757252
6;23;6,2450867998732145
6;24;6,243356812503109
6;25;6,241509687287974
6;26;6,23991232817722
6;27;6,238422334838024
6;28;6,237055203994529
6;29;6,235768285167728
7;4;14,274116484714934
7;5;11,61934401769115
7;6;14,265788974079879
7;7;7,642928042308093
7;8;7,314902480033064
7;9;7,570154632598066
7;10;6,2947693919491
7;11;6,509596972090765
7;12;6,4633538691979755
7;13;6,310596589269505
7;14;6,2620291589318935
7;15;6,2483934653255755
7;16;6,2073986621597665
7;17;6,203947967498313
7;18;6,199325704423262
7;19;6,199553093063061
7;20;6,197835666180967
7;21;6,196044335041348
7;22;6,194267326065971
7;23;6,192587923089243
7;24;6,191068327168956
7;25;6,189415676893761
7;26;6,187995033246237
7;27;6,186683434202319
7;28;6,185460774009947
7;29;6,1843144735501046
8;4;18,494737700574515
8;5;11,301473304078332
8;6;12,840746156478053
8;7;7,733886993469544
8;8;13,677527816903146
8;9;8,816036970397457
8;10;5,968109857322972
8;11;5,714923101069337
8;12;5,392488969679866
8;13;5,569858895778942
8;14;5,126886636329308
8;15;4,980405308868098
8;16;4,867338829134442
8;17;4,830972420817128
8;18;4,809001619638251
8;19;4,786913521979766
8;20;4,773359696908054
8;21;4,761576222151061
8;22;4,751043410050827
8;23;4,741328246290135
8;24;4,7322124015944285
8;25;4,723529149451258
8;26;4,715511676172609
8;27;4,707826274727275
8;28;4,700478941194867
8;29;4,693467510841547
9;4;15,938922937673734
9;5;9,985592014028025
9;6;19,16527945402879
9;7;7,017612936238681
9;8;14,138428105973679
9;9;9,290173472607107
9;10;7,708613959444484
9;11;6,098523909659645
9;12;5,851400689147048
9;13;5,81701912253869
9;14;5,2548578938417885
9;15;5,0235393582782555
9;16;4,9396581808753846
9;17;4,813458348480471
9;18;4,768973937112505
9;19;4,739275490167196
9;20;4,721899741476085
9;21;4,707725887084478
9;22;4,694939905802881
9;23;4,683905819889426
9;24;4,673544868773723
9;25;4,6636997448982935
9;26;4,654602148612684
9;27;4,645902691865152
9;28;4,637599022138538
9;29;4,6296820327338075
10;4;10,999508560793778
10;5;13,452759858066688
10;6;30,338051580062544
10;7;8,196581328474368
10;8;29,298680330548937
10;9;8,754609889743225
10;10;8,7023557344876
10;11;5,71441994223621
10;12;4,8083727239275476
10;13;4,588088745054056
10;14;3,77820290412046
10;15;3,6100112710178447
10;16;3,5655398382941734
10;17;3,4395677171831815
10;18;3,4104359817012244
10;19;3,399471690357718
10;20;3,3969508546473786
10;21;3,391092694644828
10;22;3,3852414705528098
10;23;3,381549112086655
10;24;3,378445568562624
10;25;3,3759221307042777
10;26;3,373631611143777
10;27;3,3717148356181013
10;28;3,3699877762766284
10;29;3,368509681132907
11;4;523,3652238087124
11;5;329,2371595927896
11;6;14,860179911976745
11;7;13,820597015711382
11;8;17,951350860866448
11;9;7,717889628983417
11;10;21,347738831774294
11;11;19,530764592702067
11;12;13,04174985095955
11;13;9,472401495767105
11;14;6,229175295791925
11;15;4,7264487817771075
11;16;4,019554265208381
11;17;3,9329124884649604
11;18;3,5877936376038764
11;19;3,460681323816801
11;20;3,415950253331504
11;21;3,395664945708835
11;22;3,38217392481816
11;23;3,376925177140915
11;24;3,37338693179891
11;25;3,37101320137248
11;26;3,3685719814072015
11;27;3,3692220402194044
11;28;3,365474085296486
11;29;3,36419216086823
12;4;234,1594183601472
12;5;44,544289551955444
12;6;19,59787098829922
12;7;9,061059996611743
12;8;71,68397622777165
12;9;19,87474883072109
12;10;13,769941230269584
12;11;43,5108458275254
12;12;62,66960505766195
12;13;20,251070895311006
12;14;5,866762884859135
12;15;6,836464346469316
12;16;7,042585292461872
12;17;5,5222192458598816
12;18;4,749009710343288
12;19;3,4886095573551503
12;20;3,425366727363199
12;21;3,624517966327666
12;22;3,642805047424896
12;23;3,7751455421181643
12;24;3,37384587686296
12;25;3,41869779817279
12;26;3,8403796223131037
12;27;3,417323051926873
12;28;3,3028714524140614
12;29;3,362130003846816
13;4;122,11153372457855
13;5;5948,683598394196
13;6;485,99402292029515
13;7;28,606690753232925
13;8;36,293485180189755
13;9;112,11208297094466
13;10;1193,124495432102
13;11;167,85464670197422
13;12;51,05857785045982
13;13;217,32042501916877
13;14;57,25800750826937
13;15;11,19266974486878
13;16;8,42540117928193
13;17;48,10851785456638
13;18;345,81807395797506
13;19;30,973210657497454
13;20;14,017098904596208
13;21;4,126232119031318
13;22;5426,360680185796
13;23;15,601163683548487
13;24;8,969689759903673
13;25;25,010852287428136
13;26;35,04244388653391
13;27;16,197034040362134
13;28;24,0117239722192
13;29;8,06535004730988
14;4;631,7284090697716
14;5;792,7676939799895
14;6;2556,576483676755
14;7;60,4716150600366
14;8;39,798689160808976
14;9;50,57805309339808
14;10;56,011900993930624
14;11;1313,3112801161224
14;12;244,43486941512035
14;13;27,72157293272908
14;14;75,46208529600769
14;15;11,866725888527045
14;16;139,49971682385524
14;17;28,2022761915639
14;18;35,897686498556844
14;19;44,01866036482987
14;20;33,077709789470305
14;21;65,36930403827752
14;22;43,709893639522726
14;23;31,60208346777518
14;24;86,40352009378587
14;25;9,328222447641254
14;26;43,908494075569116
14;27;165,77934243506078
14;28;27,08113014042523
14;29;71,40675763121561
